2 onn1ANor

⁶ 56666, 66666 τρηχεῖαν 66666666666666,
666 66666 6666666 66666 τις 666 6666666666 66666666.
⁰ 66666 6 66666666 6666· 666 6666 66666 6666 6666666666
66666666 ὑφ’ 66666666 6666 66666666 66666666’ 6χ6.
'⁶ 0666 66666 666666 66 666666 0666666366 66666,
0 66 666666 6666666 6666666 66666666 6666666666. 25

ο6666666666, 6666666666, 666 66666666 66666666 9669666· '

666’ 66666 6666666666 66666 (6666666666 66666666.
“MA 66666 666666 666666, 666 6666666666 Am),
66666 6666666 6666 6666666, ,666 6666 6666666666 6ἰεν’6.6ς

. ⁰ 06666666 6666666666 666666εῶ66 6666666666· 30

66 6666666666 61666 6666 τε 6666 6666 66666ιέ66666.
‘² ,66666 66666661 66666666’ 66666 6666· 6666666 66 6666666·
6666666666, 666 6666666666 6666666666 6166666666.
⁰ 6666666666 66, 6666666666, 666666 666666666’ cmv.

6 6666666 6666 6696ρῶ6666666666666666666666, 35 ’

ν 66666666 6666 6666666666 66, xa} 6666666 666666 φῦλον,
βελ66ς’ 6666666666, ςνζν6ς” 66666 ww! 29⁴yoe·
’66 6666 6666 666666 6666666, 66666666 66666666,
καὶ 6666666666 66 ’66 66666 6666666666 6666666666,

6666 66666666 ἐνν 666 666 6666666666 66666666. 40 ’

⁰ ’666666 6666;’ 66666 26666 6666666666 66666666.
66666666, 6666666· 6666666666 66’ 6666666666 66666.

, dm* 666 ’6666666666’ 666 66666666 6666666666,
666666 666666 6666666 666 ’666666 6666 66666666,

,66666666 6666666666 6666666666, 6666666666 45 ι

66666 6666 domem ‚ 66666 6666666666 66666666.
Τρνχθ66666ν 66666 6666 66666666 6666666666» ,

666666, χθονίην 66, m} 66666666 6666666666.

66666 666 A& 6666λῶ6· {we} 666666 666 6666661666

676666 66666666 66666 666666 6666666666 66666966, · ’ςο j

666 66666666 6666 6666 6666 ’ἠέρῶ 6666666666,

6 ’666 66 666666666’ 66 66666 6666669666

66 666666 ’666 666666 66666 666 6666 6666666
66666 66666 666666· 666666 66 666666 66 ’666 dvx-,Af

 

